1,50,2,9,10,11,2,9,10,11
50,100,6,26,30,34,6,26,30,34
100,150,10,43,50,56,10,43,50,56
150,200,13,60,70,79,13,60,70,79
200,250,17,77,90,101,17,77,90,101
250,300,21,94,110,124,21,94,110,124
300,350,25,111,130,146,25,111,130,146
350,400,29,128,150,169,29,128,150,169
400,450,33,145,170,191,33,145,170,191
450,500,36,162,190,214,36,162,190,214
500,550,40,179,210,236,40,179,210,236
550,600,44,196,230,259,44,196,230,259
600,650,48,213,250,281,48,213,250,281
650,700,52,230,270,304,52,230,270,304
700,750,55,247,290,326,55,247,290,326
750,800,59,264,310,349,59,264,310,349
800,850,63,281,330,371,63,281,330,371
850,900,67,298,350,394,67,298,350,394
900,950,71,315,370,416,71,315,370,416
950,1000,75,332,390,439,75,332,390,439
1000,1050,78,349,410,461,78,349,410,461
1050,1100,82,366,430,484,82,366,430,484
1100,1150,86,383,450,506,86,383,450,506
1150,1200,90,400,470,529,90,400,470,529
1200,1250,94,417,490,551,94,417,490,551
1250,1300,98,434,510,574,98,434,510,574
1300,1350,101,451,530,596,101,451,530,596
1350,1400,105,468,550,619,105,468,550,619
1400,1450,109,485,570,641,109,485,570,641
1450,1500,113,502,590,664,113,502,590,664
1500,1550,117,519,610,686,117,519,610,686
1550,1600,120,536,630,709,120,536,630,709
1600,1650,124,553,650,731,124,553,650,731
1650,1700,128,570,670,754,128,570,670,754
1700,1750,132,587,690,776,132,587,690,776
1750,1800,136,604,710,799,136,604,710,799
1800,1850,140,621,730,821,140,621,730,821
1850,1900,143,638,750,844,143,638,750,844
1900,1950,147,655,770,866,147,655,770,866
1950,2000,151,672,790,889,151,672,790,889
2000,2050,155,689,810,911,155,689,810,911
2050,2100,159,706,830,934,159,706,830,934
2100,2150,163,723,850,956,163,723,850,956
2150,2200,166,740,870,979,166,740,870,979
2200,2250,170,757,890,1001,170,757,890,1001
2250,2300,174,774,910,1024,174,774,910,1024
2300,2350,178,791,930,1046,178,791,930,1046
2350,2400,182,808,950,1069,182,808,950,1069
2400,2450,186,825,970,1091,186,825,970,1091
2450,2500,189,842,990,1114,189,842,990,1114
2500,2550,193,859,1010,1136,193,859,1010,1136
2550,2600,197,876,1030,1159,197,876,1030,1159
2600,2650,201,893,1050,1181,201,893,1050,1181
2650,2700,205,910,1070,1204,205,910,1070,1204
2700,2750,208,927,1090,1226,208,927,1090,1226
2750,2800,212,944,1110,1249,212,944,1110,1249
2800,2850,216,961,1130,1271,216,961,1130,1271
2850,2900,220,978,1150,1294,220,978,1150,1294
2900,2950,224,995,1170,1316,224,995,1170,1316
2950,3000,228,1012,1190,1339,228,1012,1190,1339
3000,3050,231,1029,1210,1361,231,1029,1210,1361
3050,3100,235,1046,1230,1384,235,1046,1230,1384
3100,3150,239,1063,1250,1406,239,1063,1250,1406
3150,3200,243,1080,1270,1429,243,1080,1270,1429
3200,3250,247,1097,1290,1451,247,1097,1290,1451
3250,3300,251,1114,1310,1474,251,1114,1310,1474
3300,3350,254,1131,1330,1496,254,1131,1330,1496
3350,3400,258,1148,1350,1519,258,1148,1350,1519
3400,3450,262,1165,1370,1541,262,1165,1370,1541
3450,3500,266,1182,1390,1564,266,1182,1390,1564
3500,3550,270,1199,1410,1586,270,1199,1410,1586
3550,3600,273,1216,1430,1609,273,1216,1430,1609
3600,3650,277,1233,1450,1631,277,1233,1450,1631
3650,3700,281,1250,1470,1654,281,1250,1470,1654
3700,3750,285,1267,1490,1676,285,1267,1490,1676
3750,3800,289,1284,1510,1699,289,1284,1510,1699
3800,3850,293,1301,1530,1721,293,1301,1530,1721
3850,3900,296,1318,1550,1744,296,1318,1550,1744
3900,3950,300,1335,1570,1766,300,1335,1570,1766
3950,4000,304,1352,1590,1789,304,1352,1590,1789
4000,4050,308,1369,1610,1811,308,1369,1610,1811
4050,4100,312,1386,1630,1834,312,1386,1630,1834
4100,4150,316,1403,1650,1856,316,1403,1650,1856
4150,4200,319,1420,1670,1879,319,1420,1670,1879
4200,4250,323,1437,1690,1901,323,1437,1690,1901
4250,4300,327,1454,1710,1924,327,1454,1710,1924
4300,4350,331,1471,1730,1946,331,1471,1730,1946
4350,4400,335,1488,1750,1969,335,1488,1750,1969
4400,4450,339,1505,1770,1991,339,1505,1770,1991
4450,4500,342,1522,1790,2014,342,1522,1790,2014
4500,4550,346,1539,1810,2036,346,1539,1810,2036
4550,4600,350,1556,1830,2059,350,1556,1830,2059
4600,4650,354,1573,1850,2081,354,1573,1850,2081
4650,4700,358,1590,1870,2104,358,1590,1870,2104
4700,4750,361,1607,1890,2126,361,1607,1890,2126
4750,4800,365,1624,1910,2149,365,1624,1910,2149
4800,4850,369,1641,1930,2171,369,1641,1930,2171
4850,4900,373,1658,1950,2194,373,1658,1950,2194
4900,4950,377,1675,1970,2216,377,1675,1970,2216
4950,5000,381,1692,1990,2239,381,1692,1990,2239
5000,5050,384,1709,2010,2261,384,1709,2010,2261
5050,5100,388,1726,2030,2284,388,1726,2030,2284
5100,5150,392,1743,2050,2306,392,1743,2050,2306
5150,5200,396,1760,2070,2329,396,1760,2070,2329
5200,5250,400,1777,2090,2351,400,1777,2090,2351
5250,5300,404,1794,2110,2374,404,1794,2110,2374
5300,5350,407,1811,2130,2396,407,1811,2130,2396
5350,5400,411,1828,2150,2419,411,1828,2150,2419
5400,5450,415,1845,2170,2441,415,1845,2170,2441
5450,5500,419,1862,2190,2464,419,1862,2190,2464
5500,5550,423,1879,2210,2486,423,1879,2210,2486
5550,5600,426,1896,2230,2509,426,1896,2230,2509
5600,5650,430,1913,2250,2531,430,1913,2250,2531
5650,5700,434,1930,2270,2554,434,1930,2270,2554
5700,5750,438,1947,2290,2576,438,1947,2290,2576
5750,5800,442,1964,2310,2599,442,1964,2310,2599
5800,5850,446,1981,2330,2621,446,1981,2330,2621
5850,5900,449,1998,2350,2644,449,1998,2350,2644
5900,5950,453,2015,2370,2666,453,2015,2370,2666
5950,6000,457,2032,2390,2689,457,2032,2390,2689
6000,6050,461,2049,2410,2711,461,2049,2410,2711
6050,6100,465,2066,2430,2734,465,2066,2430,2734
6100,6150,469,2083,2450,2756,469,2083,2450,2756
6150,6200,472,2100,2470,2779,472,2100,2470,2779
6200,6250,476,2117,2490,2801,476,2117,2490,2801
6250,6300,480,2134,2510,2824,480,2134,2510,2824
6300,6350,484,2151,2530,2846,484,2151,2530,2846
6350,6400,488,2168,2550,2869,488,2168,2550,2869
6400,6450,492,2185,2570,2891,492,2185,2570,2891
6450,6500,495,2202,2590,2914,495,2202,2590,2914
6500,6550,499,2219,2610,2936,499,2219,2610,2936
6550,6600,503,2236,2630,2959,503,2236,2630,2959
6600,6650,507,2253,2650,2981,507,2253,2650,2981
6650,6700,511,2270,2670,3004,511,2270,2670,3004
6700,6750,514,2287,2690,3026,514,2287,2690,3026
6750,6800,518,2304,2710,3049,518,2304,2710,3049
6800,6850,522,2321,2730,3071,522,2321,2730,3071
6850,6900,526,2338,2750,3094,526,2338,2750,3094
6900,6950,530,2355,2770,3116,530,2355,2770,3116
6950,7000,534,2372,2790,3139,534,2372,2790,3139
7000,7050,537,2389,2810,3161,537,2389,2810,3161
7050,7100,541,2406,2830,3184,541,2406,2830,3184
7100,7150,545,2423,2850,3206,545,2423,2850,3206
7150,7200,549,2440,2870,3229,549,2440,2870,3229
7200,7250,553,2457,2890,3251,553,2457,2890,3251
7250,7300,557,2474,2910,3274,557,2474,2910,3274
7300,7350,560,2491,2930,3296,560,2491,2930,3296
7350,7400,564,2508,2950,3319,564,2508,2950,3319
7400,7450,568,2525,2970,3341,568,2525,2970,3341
7450,7500,572,2542,2990,3364,572,2542,2990,3364
7500,7550,576,2559,3010,3386,576,2559,3010,3386
7550,7600,579,2576,3030,3409,579,2576,3030,3409
7600,7650,583,2593,3050,3431,583,2593,3050,3431
7650,7700,587,2610,3070,3454,587,2610,3070,3454
7700,7750,591,2627,3090,3476,591,2627,3090,3476
7750,7800,595,2644,3110,3499,595,2644,3110,3499
7800,7850,599,2661,3130,3521,599,2661,3130,3521
7850,7900,602,2678,3150,3544,602,2678,3150,3544
7900,7950,606,2695,3170,3566,606,2695,3170,3566
7950,8000,610,2712,3190,3589,610,2712,3190,3589
8000,8050,614,2729,3210,3611,614,2729,3210,3611
8050,8100,618,2746,3230,3634,618,2746,3230,3634
8100,8150,622,2763,3250,3656,622,2763,3250,3656
8150,8200,625,2780,3270,3679,625,2780,3270,3679
8200,8250,629,2797,3290,3701,629,2797,3290,3701
8250,8300,632,2814,3310,3724,632,2814,3310,3724
8300,8350,632,2831,3330,3746,632,2831,3330,3746
8350,8400,632,2848,3350,3769,632,2848,3350,3769
8400,8450,632,2865,3370,3791,632,2865,3370,3791
8450,8500,632,2882,3390,3814,632,2882,3390,3814
8500,8550,632,2899,3410,3836,632,2899,3410,3836
8550,8600,632,2916,3430,3859,632,2916,3430,3859
8600,8650,632,2933,3450,3881,632,2933,3450,3881
8650,8700,632,2950,3470,3904,632,2950,3470,3904
8700,8750,632,2967,3490,3926,632,2967,3490,3926
8750,8800,632,2984,3510,3949,632,2984,3510,3949
8800,8850,632,3001,3530,3971,632,3001,3530,3971
8850,8900,632,3018,3550,3994,632,3018,3550,3994
8900,8950,632,3035,3570,4016,632,3035,3570,4016
8950,9000,632,3052,3590,4039,632,3052,3590,4039
9000,9050,632,3069,3610,4061,632,3069,3610,4061
9050,9100,632,3086,3630,4084,632,3086,3630,4084
9100,9150,632,3103,3650,4106,632,3103,3650,4106
9150,9200,632,3120,3670,4129,632,3120,3670,4129
9200,9250,632,3137,3690,4151,632,3137,3690,4151
9250,9300,632,3154,3710,4174,632,3154,3710,4174
9300,9350,632,3171,3730,4196,632,3171,3730,4196
9350,9400,632,3188,3750,4219,632,3188,3750,4219
9400,9450,632,3205,3770,4241,632,3205,3770,4241
9450,9500,632,3222,3790,4264,632,3222,3790,4264
9500,9550,632,3239,3810,4286,632,3239,3810,4286
9550,9600,632,3256,3830,4309,632,3256,3830,4309
9600,9650,632,3273,3850,4331,632,3273,3850,4331
9650,9700,632,3290,3870,4354,632,3290,3870,4354
9700,9750,632,3307,3890,4376,632,3307,3890,4376
9750,9800,632,3324,3910,4399,632,3324,3910,4399
9800,9850,632,3341,3930,4421,632,3341,3930,4421
9850,9900,632,3358,3950,4444,632,3358,3950,4444
9900,9950,632,3375,3970,4466,632,3375,3970,4466
9950,10000,632,3392,3990,4489,632,3392,3990,4489
10000,10050,632,3409,4010,4511,632,3409,4010,4511
10050,10100,632,3426,4030,4534,632,3426,4030,4534
10100,10150,632,3443,4050,4556,632,3443,4050,4556
10150,10200,632,3460,4070,4579,632,3460,4070,4579
10200,10250,632,3477,4090,4601,632,3477,4090,4601
10250,10300,632,3494,4110,4624,632,3494,4110,4624
10300,10350,632,3511,4130,4646,632,3511,4130,4646
10350,10400,629,3528,4150,4669,632,3528,4150,4669
10400,10450,625,3545,4170,4691,632,3545,4170,4691
10450,10500,621,3562,4190,4714,632,3562,4190,4714
10500,10550,617,3579,4210,4736,632,3579,4210,4736
10550,10600,613,3596,4230,4759,632,3596,4230,4759
10600,10650,609,3613,4250,4781,632,3613,4250,4781
10650,10700,606,3630,4270,4804,632,3630,4270,4804
10700,10750,602,3647,4290,4826,632,3647,4290,4826
10750,10800,598,3664,4310,4849,632,3664,4310,4849
10800,10850,594,3681,4330,4871,632,3681,4330,4871
10850,10900,590,3698,4350,4894,632,3698,4350,4894
10900,10950,586,3715,4370,4916,632,3715,4370,4916
10950,11000,583,3732,4390,4939,632,3732,4390,4939
11000,11050,579,3749,4410,4961,632,3749,4410,4961
11050,11100,575,3766,4430,4984,632,3766,4430,4984
11100,11150,571,3783,4450,5006,632,3783,4450,5006
11150,11200,567,3800,4470,5029,632,3800,4470,5029
11200,11250,564,3817,4490,5051,632,3817,4490,5051
11250,11300,560,3834,4510,5074,632,3834,4510,5074
11300,11350,556,3851,4530,5096,632,3851,4530,5096
11350,11400,552,3868,4550,5119,632,3868,4550,5119
11400,11450,548,3885,4570,5141,632,3885,4570,5141
11450,11500,544,3902,4590,5164,632,3902,4590,5164
11500,11550,541,3919,4610,5186,632,3919,4610,5186
11550,11600,537,3936,4630,5209,632,3936,4630,5209
11600,11650,533,3953,4650,5231,632,3953,4650,5231
11650,11700,529,3970,4670,5254,632,3970,4670,5254
11700,11750,525,3987,4690,5276,632,3987,4690,5276
11750,11800,521,4004,4710,5299,632,4004,4710,5299
11800,11850,518,4021,4730,5321,632,4021,4730,5321
11850,11900,514,4038,4750,5344,632,4038,4750,5344
11900,11950,510,4055,4770,5366,632,4055,4770,5366
11950,12000,506,4072,4790,5389,632,4072,4790,5389
12000,12050,502,4089,4810,5411,632,4089,4810,5411
12050,12100,499,4106,4830,5434,632,4106,4830,5434
12100,12150,495,4123,4850,5456,632,4123,4850,5456
12150,12200,491,4140,4870,5479,632,4140,4870,5479
12200,12250,487,4157,4890,5501,632,4157,4890,5501
12250,12300,483,4174,4910,5524,632,4174,4910,5524
12300,12350,479,4191,4930,5546,632,4191,4930,5546
12350,12400,476,4213,4950,5569,632,4213,4950,5569
12400,12450,472,4213,4970,5591,632,4213,4970,5591
12450,12500,468,4213,4990,5614,632,4213,4990,5614
12500,12550,464,4213,5010,5636,632,4213,5010,5636
12550,12600,460,4213,5030,5659,632,4213,5030,5659
12600,12650,456,4213,5050,5681,632,4213,5050,5681
12650,12700,453,4213,5070,5704,632,4213,5070,5704
12700,12750,449,4213,5090,5726,632,4213,5090,5726
12750,12800,445,4213,5110,5749,632,4213,5110,5749
12800,12850,441,4213,5130,5771,632,4213,5130,5771
12850,12900,437,4213,5150,5794,632,4213,5150,5794
12900,12950,433,4213,5170,5816,632,4213,5170,5816
12950,13000,430,4213,5190,5839,632,4213,5190,5839
13000,13050,426,4213,5210,5861,632,4213,5210,5861
13050,13100,422,4213,5230,5884,632,4213,5230,5884
13100,13150,418,4213,5250,5906,632,4213,5250,5906
13150,13200,414,4213,5270,5929,632,4213,5270,5929
13200,13250,411,4213,5290,5951,632,4213,5290,5951
13250,13300,407,4213,5310,5974,632,4213,5310,5974
13300,13350,403,4213,5330,5996,632,4213,5330,5996
13350,13400,399,4213,5350,6019,632,4213,5350,6019
13400,13450,395,4213,5370,6041,632,4213,5370,6041
13450,13500,391,4213,5390,6064,632,4213,5390,6064
13500,13550,388,4213,5410,6086,632,4213,5410,6086
13550,13600,384,4213,5430,6109,632,4213,5430,6109
13600,13650,380,4213,5450,6131,632,4213,5450,6131
13650,13700,376,4213,5470,6154,632,4213,5470,6154
13700,13750,372,4213,5490,6176,632,4213,5490,6176
13750,13800,368,4213,5510,6199,632,4213,5510,6199
13800,13850,365,4213,5530,6221,632,4213,5530,6221
13850,13900,361,4213,5550,6244,632,4213,5550,6244
13900,13950,357,4213,5570,6266,632,4213,5570,6266
13950,14000,353,4213,5590,6289,632,4213,5590,6289
14000,14050,349,4213,5610,6311,632,4213,5610,6311
14050,14100,346,4213,5630,6334,632,4213,5630,6334
14100,14150,342,4213,5650,6356,632,4213,5650,6356
14150,14200,338,4213,5670,6379,632,4213,5670,6379
14200,14250,334,4213,5690,6401,632,4213,5690,6401
14250,14300,330,4213,5710,6424,632,4213,5710,6424
14300,14350,326,4213,5730,6446,632,4213,5730,6446
14350,14400,323,4213,5750,6469,632,4213,5750,6469
14400,14450,319,4213,5770,6491,632,4213,5770,6491
14450,14500,315,4213,5790,6514,632,4213,5790,6514
14500,14550,311,4213,5810,6536,632,4213,5810,6536
14550,14600,307,4213,5830,6559,632,4213,5830,6559
14600,14650,303,4213,5850,6581,632,4213,5850,6581
14650,14700,300,4213,5870,6604,632,4213,5870,6604
14700,14750,296,4213,5890,6626,632,4213,5890,6626
14750,14800,292,4213,5910,6649,632,4213,5910,6649
14800,14850,288,4213,5930,6671,632,4213,5930,6671
14850,14900,284,4213,5950,6694,632,4213,5950,6694
14900,14950,280,4213,5970,6716,632,4213,5970,6716
14950,15000,277,4213,5990,6739,632,4213,5990,6739
15000,15050,273,4213,6010,6761,632,4213,6010,6761
15050,15100,269,4213,6030,6784,632,4213,6030,6784
15100,15150,265,4213,6050,6806,632,4213,6050,6806
15150,15200,261,4213,6070,6829,632,4213,6070,6829
15200,15250,258,4213,6090,6851,632,4213,6090,6851
15250,15300,254,4213,6110,6874,632,4213,6110,6874
15300,15350,250,4213,6130,6896,632,4213,6130,6896
15350,15400,246,4213,6150,6919,632,4213,6150,6919
15400,15450,242,4213,6170,6941,632,4213,6170,6941
15450,15500,238,4213,6190,6964,632,4213,6190,6964
15500,15550,235,4213,6210,6986,632,4213,6210,6986
15550,15600,231,4213,6230,7009,632,4213,6230,7009
15600,15650,227,4213,6250,7031,632,4213,6250,7031
15650,15700,223,4213,6270,7054,632,4213,6270,7054
15700,15750,219,4213,6290,7076,632,4213,6290,7076
15750,15800,215,4213,6310,7099,632,4213,6310,7099
15800,15850,212,4213,6330,7121,632,4213,6330,7121
15850,15900,208,4213,6350,7144,632,4213,6350,7144
15900,15950,204,4213,6370,7166,632,4213,6370,7166
15950,16000,200,4213,6390,7189,632,4213,6390,7189
16000,16050,196,4213,6410,7211,632,4213,6410,7211
16050,16100,193,4213,6430,7234,632,4213,6430,7234
16100,16150,189,4213,6450,7256,632,4213,6450,7256
16150,16200,185,4213,6470,7279,632,4213,6470,7279
16200,16250,181,4213,6490,7301,632,4213,6490,7301
16250,16300,177,4213,6510,7324,632,4213,6510,7324
16300,16350,173,4213,6530,7346,632,4213,6530,7346
16350,16400,170,4213,6550,7369,632,4213,6550,7369
16400,16450,166,4213,6570,7391,632,4213,6570,7391
16450,16500,162,4213,6590,7414,632,4213,6590,7414
16500,16550,158,4213,6610,7436,632,4213,6610,7436
16550,16600,154,4213,6630,7459,632,4213,6630,7459
16600,16650,150,4213,6650,7481,632,4213,6650,7481
16650,16700,147,4213,6670,7504,632,4213,6670,7504
16700,16750,143,4213,6690,7526,632,4213,6690,7526
16750,16800,139,4213,6710,7549,632,4213,6710,7549
16800,16850,135,4213,6730,7571,632,4213,6730,7571
16850,16900,131,4213,6750,7594,632,4213,6750,7594
16900,16950,127,4213,6770,7616,632,4213,6770,7616
16950,17000,124,4213,6790,7639,632,4213,6790,7639
17000,17050,120,4213,6810,7661,632,4213,6810,7661
17050,17100,116,4213,6830,7684,632,4213,6830,7684
17100,17150,112,4213,6850,7706,632,4213,6850,7706
17150,17200,108,4213,6870,7729,632,4213,6870,7729
17200,17250,105,4213,6890,7751,632,4213,6890,7751
17250,17300,101,4213,6910,7774,630,4213,6910,7774
17300,17350,97,4213,6930,7796,626,4213,6930,7796
17350,17400,93,4213,6950,7819,622,4213,6950,7819
17400,17450,89,4213,6960,7830,619,4213,6960,7830
17450,17500,85,4213,6960,7830,615,4213,6960,7830
17500,17550,82,4213,6960,7830,611,4213,6960,7830
17550,17600,78,4213,6960,7830,607,4213,6960,7830
17600,17650,74,4213,6960,7830,603,4213,6960,7830
17650,17700,70,4213,6960,7830,599,4213,6960,7830
17700,17750,66,4213,6960,7830,596,4213,6960,7830
17750,17800,62,4213,6960,7830,592,4213,6960,7830
17800,17850,59,4213,6960,7830,588,4213,6960,7830
17850,17900,55,4213,6960,7830,584,4213,6960,7830
17900,17950,51,4213,6960,7830,580,4213,6960,7830
17950,18000,47,4213,6960,7830,577,4213,6960,7830
18000,18050,43,4213,6960,7830,573,4213,6960,7830
18050,18100,40,4213,6960,7830,569,4213,6960,7830
18100,18150,36,4213,6960,7830,565,4213,6960,7830
18150,18200,32,4213,6960,7830,561,4213,6960,7830
18200,18250,28,4213,6960,7830,557,4213,6960,7830
18250,18300,24,4213,6960,7830,554,4213,6960,7830
18300,18350,20,4213,6960,7830,550,4213,6960,7830
18350,18400,17,4213,6960,7830,546,4213,6960,7830
18400,18450,13,4213,6960,7830,542,4213,6960,7830
18450,18500,9,4213,6960,7830,538,4213,6960,7830
18500,18550,5,4213,6960,7830,534,4213,6960,7830
18550,18600,*,4213,6960,7830,531,4213,6960,7830
18600,18650,0,4213,6960,7830,527,4213,6960,7830
18650,18700,0,4213,6960,7830,523,4213,6960,7830
18700,18750,0,4213,6960,7830,519,4213,6960,7830
18750,18800,0,4213,6960,7830,515,4213,6960,7830
18800,18850,0,4213,6960,7830,512,4213,6960,7830
18850,18900,0,4213,6960,7830,508,4213,6960,7830
18900,18950,0,4213,6960,7830,504,4213,6960,7830
18950,19000,0,4213,6960,7830,500,4213,6960,7830
19000,19050,0,4213,6960,7830,496,4213,6960,7830
19050,19100,0,4213,6960,7830,492,4213,6960,7830
19100,19150,0,4213,6960,7830,489,4213,6960,7830
19150,19200,0,4213,6960,7830,485,4213,6960,7830
19200,19250,0,4213,6960,7830,481,4213,6960,7830
19250,19300,0,4213,6960,7830,477,4213,6960,7830
19300,19350,0,4213,6960,7830,473,4213,6960,7830
19350,19400,0,4213,6960,7830,469,4213,6960,7830
19400,19450,0,4213,6960,7830,466,4213,6960,7830
19450,19500,0,4213,6960,7830,462,4213,6960,7830
19500,19550,0,4213,6960,7830,458,4213,6960,7830
19550,19600,0,4213,6960,7830,454,4213,6960,7830
19600,19650,0,4213,6960,7830,450,4213,6960,7830
19650,19700,0,4213,6960,7830,446,4213,6960,7830
19700,19750,0,4213,6960,7830,443,4213,6960,7830
19750,19800,0,4213,6960,7830,439,4213,6960,7830
19800,19850,0,4213,6960,7830,435,4213,6960,7830
19850,19900,0,4213,6960,7830,431,4213,6960,7830
19900,19950,0,4213,6960,7830,427,4213,6960,7830
19950,20000,0,4213,6960,7830,424,4213,6960,7830
20000,20050,0,4213,6960,7830,420,4213,6960,7830
20050,20100,0,4213,6960,7830,416,4213,6960,7830
20100,20150,0,4213,6960,7830,412,4213,6960,7830
20150,20200,0,4213,6960,7830,408,4213,6960,7830
20200,20250,0,4213,6960,7830,404,4213,6960,7830
20250,20300,0,4213,6960,7830,401,4213,6960,7830
20300,20350,0,4213,6960,7830,397,4213,6960,7830
20350,20400,0,4213,6960,7830,393,4213,6960,7830
20400,20450,0,4213,6960,7830,389,4213,6960,7830
20450,20500,0,4213,6960,7830,385,4213,6960,7830
20500,20550,0,4213,6960,7830,381,4213,6960,7830
20550,20600,0,4213,6960,7830,378,4213,6960,7830
20600,20650,0,4213,6960,7830,374,4213,6960,7830
20650,20700,0,4213,6960,7830,370,4213,6960,7830
20700,20750,0,4213,6960,7830,366,4213,6960,7830
20750,20800,0,4213,6960,7830,362,4213,6960,7830
20800,20850,0,4213,6960,7830,359,4213,6960,7830
20850,20900,0,4213,6960,7830,355,4213,6960,7830
20900,20950,0,4213,6960,7830,351,4213,6960,7830
20950,21000,0,4213,6960,7830,347,4213,6960,7830
21000,21050,0,4213,6960,7830,343,4213,6960,7830
21050,21100,0,4213,6960,7830,339,4213,6960,7830
21100,21150,0,4213,6960,7830,336,4213,6960,7830
21150,21200,0,4213,6960,7830,332,4213,6960,7830
21200,21250,0,4213,6960,7830,328,4213,6960,7830
21250,21300,0,4213,6960,7830,324,4213,6960,7830
21300,21350,0,4213,6960,7830,320,4213,6960,7830
21350,21400,0,4213,6960,7830,316,4213,6960,7830
21400,21450,0,4213,6960,7830,313,4213,6960,7830
21450,21500,0,4213,6960,7830,309,4213,6960,7830
21500,21550,0,4213,6960,7830,305,4213,6960,7830
21550,21600,0,4213,6960,7830,301,4213,6960,7830
21600,21650,0,4213,6960,7830,297,4213,6960,7830
21650,21700,0,4213,6960,7830,293,4213,6960,7830
21700,21750,0,4213,6960,7830,290,4213,6960,7830
21750,21800,0,4213,6960,7830,286,4213,6960,7830
21800,21850,0,4213,6960,7830,282,4213,6960,7830
21850,21900,0,4213,6960,7830,278,4213,6960,7830
21900,21950,0,4213,6960,7830,274,4213,6960,7830
21950,22000,0,4213,6960,7830,271,4213,6960,7830
22000,22050,0,4213,6960,7830,267,4213,6960,7830
22050,22100,0,4213,6960,7830,263,4213,6960,7830
22100,22150,0,4213,6960,7830,259,4213,6960,7830
22150,22200,0,4213,6960,7830,255,4213,6960,7830
22200,22250,0,4213,6960,7830,251,4213,6960,7830
22250,22300,0,4213,6960,7830,248,4213,6960,7830
22300,22350,0,4213,6960,7830,244,4213,6960,7830
22350,22400,0,4213,6960,7830,240,4213,6960,7830
22400,22450,0,4213,6960,7830,236,4213,6960,7830
22450,22500,0,4213,6960,7830,232,4213,6960,7830
22500,22550,0,4213,6960,7830,228,4213,6960,7830
22550,22600,0,4213,6960,7830,225,4213,6960,7830
22600,22650,0,4213,6960,7830,221,4213,6960,7830
22650,22700,0,4213,6960,7830,217,4213,6960,7830
22700,22750,0,4213,6960,7830,213,4213,6960,7830
22750,22800,0,4204,6948,7818,209,4213,6960,7830
22800,22850,0,4196,6938,7808,206,4213,6960,7830
22850,22900,0,4188,6927,7797,202,4213,6960,7830
22900,22950,0,4180,6917,7787,198,4213,6960,7830
22950,23000,0,4172,6906,7776,194,4213,6960,7830
23000,23050,0,4164,6896,7766,190,4213,6960,7830
23050,23100,0,4156,6885,7755,186,4213,6960,7830
23100,23150,0,4148,6875,7745,183,4213,6960,7830
23150,23200,0,4140,6864,7734,179,4213,6960,7830
23200,23250,0,4132,6854,7724,175,4213,6960,7830
23250,23300,0,4124,6843,7713,171,4213,6960,7830
23300,23350,0,4116,6833,7703,167,4213,6960,7830
23350,23400,0,4108,6822,7692,163,4213,6960,7830
23400,23450,0,4100,6812,7682,160,4213,6960,7830
23450,23500,0,4092,6801,7671,156,4213,6960,7830
23500,23550,0,4084,6790,7660,152,4213,6960,7830
23550,23600,0,4076,6780,7650,148,4213,6960,7830
23600,23650,0,4068,6769,7639,144,4213,6960,7830
23650,23700,0,4060,6759,7629,140,4213,6960,7830
23700,23750,0,4052,6748,7618,137,4213,6960,7830
23750,23800,0,4044,6738,7608,133,4213,6960,7830
23800,23850,0,4036,6727,7597,129,4213,6960,7830
23850,23900,0,4028,6717,7587,125,4213,6960,7830
23900,23950,0,4020,6706,7576,121,4213,6960,7830
23950,24000,0,4012,6696,7566,118,4213,6960,7830
24000,24050,0,4004,6685,7555,114,4213,6960,7830
24050,24100,0,3996,6675,7545,110,4213,6960,7830
24100,24150,0,3988,6664,7534,106,4213,6960,7830
24150,24200,0,3980,6654,7524,102,4213,6960,7830
24200,24250,0,3973,6643,7513,98,4213,6960,7830
24250,24300,0,3965,6633,7503,95,4213,6960,7830
24300,24350,0,3957,6622,7492,91,4213,6960,7830
24350,24400,0,3949,6611,7481,87,4213,6960,7830
24400,24450,0,3941,6601,7471,83,4213,6960,7830
24450,24500,0,3933,6590,7460,79,4213,6960,7830
24500,24550,0,3925,6580,7450,75,4213,6960,7830
24550,24600,0,3917,6569,7439,72,4213,6960,7830
24600,24650,0,3909,6559,7429,68,4213,6960,7830
24650,24700,0,3901,6548,7418,64,4213,6960,7830
24700,24750,0,3893,6538,7408,60,4213,6960,7830
24750,24800,2,3885,6527,7397,56,4213,6960,7830
24800,24850,0,3877,6517,7387,53,4213,6960,7830
24850,24900,0,3869,6506,7376,49,4213,6960,7830
24900,24950,0,3861,6496,7366,45,4213,6960,7830
24950,25000,0,3853,6485,7355,41,4213,6960,7830
25000,25050,0,3845,6475,7345,37,4213,6960,7830
25050,25100,0,3837,6464,7334,33,4213,6960,7830
25100,25150,0,3829,6454,7324,30,4213,6960,7830
25150,25200,0,3821,6443,7313,26,4213,6960,7830
25200,25250,0,3813,6432,7302,22,4213,6960,7830
25250,25300,0,3805,6422,7292,18,4213,6960,7830
25300,25350,0,3797,6411,7281,14,4213,6960,7830
25350,25400,0,3789,6401,7271,10,4213,6960,7830
25400,25450,0,3781,6390,7260,7,4213,6960,7830
25450,25500,0,3773,6380,7250,3,4213,6960,7830
25500,25550,0,3765,6369,7239,0,4213,6960,7830
25550,25600,0,3757,6359,7229,0,4213,6960,7830
25600,25650,0,3749,6348,7218,0,4213,6960,7830
25650,25700,0,3741,6338,7208,0,4213,6960,7830
25700,25750,0,3733,6327,7197,0,4213,6960,7830
25750,25800,0,3725,6317,7187,0,4213,6960,7830
25800,25850,0,3717,6306,7176,0,4213,6960,7830
25850,25900,0,3709,6296,7166,0,4213,6960,7830
25900,25950,0,3701,6285,7155,0,4213,6960,7830
25950,26000,0,3693,6274,7144,0,4213,6960,7830
26000,26050,0,3685,6264,7134,0,4213,6960,7830
26050,26100,0,3677,6253,7123,0,4213,6960,7830
26100,26150,0,3669,6243,7113,0,4213,6960,7830
26150,26200,0,3661,6232,7102,0,4213,6960,7830
26200,26250,0,3653,6222,7092,0,4213,6960,7830
26250,26300,0,3645,6211,7081,0,4213,6960,7830
26300,26350,0,3637,6201,7071,0,4213,6960,7830
26350,26400,0,3629,6190,7060,0,4213,6960,7830
26400,26450,0,3621,6180,7050,0,4213,6960,7830
26450,26500,0,3613,6169,7039,0,4213,6960,7830
26500,26550,0,3605,6159,7029,0,4213,6960,7830
26550,26600,0,3597,6148,7018,0,4213,6960,7830
26600,26650,0,3589,6138,7008,0,4213,6960,7830
26650,26700,0,3581,6127,6997,0,4213,6960,7830
26700,26750,0,3573,6117,6987,0,4213,6960,7830
26750,26800,0,3565,6106,6976,0,4213,6960,7830
26800,26850,0,3557,6095,6965,0,4213,6960,7830
26850,26900,0,3549,6085,6955,0,4213,6960,7830
26900,26950,0,3541,6074,6944,0,4213,6960,7830
26950,27000,0,3533,6064,6934,0,4213,6960,7830
27000,27050,0,3525,6053,6923,0,4213,6960,7830
27050,27100,0,3517,6043,6913,0,4213,6960,7830
27100,27150,0,3509,6032,6902,0,4213,6960,7830
27150,27200,0,3501,6022,6892,0,4213,6960,7830
27200,27250,0,3493,6011,6881,0,4213,6960,7830
27250,27300,0,3485,6001,6871,0,4213,6960,7830
27300,27350,0,3477,5990,6860,0,4213,6960,7830
27350,27400,0,3469,5980,6850,0,4213,6960,7830
27400,27450,0,3461,5969,6839,0,4213,6960,7830
27450,27500,0,3453,5959,6829,0,4213,6960,7830
27500,27550,0,3445,5948,6818,0,4213,6960,7830
27550,27600,0,3437,5938,6808,0,4213,6960,7830
27600,27650,0,3429,5927,6797,0,4213,6960,7830
27650,27700,0,3421,5916,6786,0,4213,6960,7830
27700,27750,0,3413,5906,6776,0,4213,6960,7830
27750,27800,0,3405,5895,6765,0,4213,6960,7830
27800,27850,0,3397,5885,6755,0,4213,6960,7830
27850,27900,0,3389,5874,6744,0,4213,6960,7830
27900,27950,0,3381,5864,6734,0,4213,6960,7830
27950,28000,0,3373,5853,6723,0,4213,6960,7830
28000,28050,0,3365,5843,6713,0,4213,6960,7830
28050,28100,0,3357,5832,6702,0,4213,6960,7830
28100,28150,0,3349,5822,6692,0,4213,6960,7830
28150,28200,0,3341,5811,6681,0,4213,6960,7830
28200,28250,0,3333,5801,6671,0,4213,6960,7830
28250,28300,0,3325,5790,6660,0,4213,6960,7830
28300,28350,0,3317,5780,6650,0,4213,6960,7830
28350,28400,0,3309,5769,6639,0,4213,6960,7830
28400,28450,0,3301,5759,6629,0,4213,6960,7830
28450,28500,0,3293,5748,6618,0,4213,6960,7830
28500,28550,0,3285,5737,6607,0,4213,6960,7830
28550,28600,0,3277,5727,6597,0,4213,6960,7830
28600,28650,0,3269,5716,6586,0,4213,6960,7830
28650,28700,0,3261,5706,6576,0,4213,6960,7830
28700,28750,0,3253,5695,6565,0,4213,6960,7830
28750,28800,0,3245,5685,6555,0,4213,6960,7830
28800,28850,0,3237,5674,6544,0,4213,6960,7830
28850,28900,0,3229,5664,6534,0,4213,6960,7830
28900,28950,0,3221,5653,6523,0,4213,6960,7830
28950,29000,0,3213,5643,6513,0,4213,6960,7830
29000,29050,0,3205,5632,6502,0,4213,6960,7830
29050,29100,0,3197,5622,6492,0,4213,6960,7830
29100,29150,0,3189,5611,6481,0,4213,6960,7830
29150,29200,0,3181,5601,6471,0,4213,6960,7830
29200,29250,0,3174,5590,6460,0,4213,6960,7830
29250,29300,0,3166,5580,6450,0,4213,6960,7830
29300,29350,0,3158,5569,6439,0,4213,6960,7830
29350,29400,0,3150,5558,6428,0,4213,6960,7830
29400,29450,0,3142,5548,6418,0,4213,6960,7830
29450,29500,0,3134,5537,6407,0,4213,6960,7830
29500,29550,0,3126,5527,6397,0,4213,6960,7830
29550,29600,0,3118,5516,6386,0,4213,6960,7830
29600,29650,0,3110,5506,6376,0,4213,6960,7830
29650,29700,0,3102,5495,6365,0,4207,6953,7823
29700,29750,0,3094,5485,6355,0,4199,6942,7812
29750,29800,0,3086,5474,6344,0,4191,6932,7802
29800,29850,0,3078,5464,6334,0,4183,6921,7791
29850,29900,0,3070,5453,6323,0,4175,6911,7781
29900,29950,0,3062,5443,6313,0,4167,6900,7770
29950,30000,0,3054,5432,6302,0,4159,6889,7759
30000,30050,0,3046,5422,6292,0,4151,6879,7749
30050,30100,0,3038,5411,6281,0,4143,6868,7738
30100,30150,0,3030,5401,6271,0,4135,6858,7728
30150,30200,0,3022,5390,6260,0,4128,6847,7717
30200,30250,0,3014,5379,6249,0,4120,6837,7707
30250,30300,0,3006,5369,6239,0,4112,6826,7696
30300,30350,0,2998,5358,6228,0,4104,6816,7686
30350,30400,0,2990,5348,6218,0,4096,6805,7675
30400,30450,0,2982,5337,6207,0,4088,6795,7665
30450,30500,0,2974,5327,6197,0,4080,6784,7654
30500,30550,0,2966,5316,6186,0,4072,6774,7644
30550,30600,0,2958,5306,6176,0,4064,6763,7633
30600,30650,0,2950,5295,6165,0,4056,6753,7623
30650,30700,0,2942,5285,6155,0,4048,6742,7612
30700,30750,0,2934,5274,6144,0,4040,6731,7601
30750,30800,0,2926,5264,6134,0,4032,6721,7591
30800,30850,0,2918,5253,6123,0,4024,6710,7580
30850,30900,0,2910,5243,6113,0,4016,6700,7570
30900,30950,0,2902,5232,6102,0,4008,6689,7559
30950,31000,0,2894,5221,6091,0,4000,6679,7549
31000,31050,0,2886,5211,6081,0,3992,6668,7538
31050,31100,0,2878,5200,6070,0,3984,6658,7528
31100,31150,0,2870,5190,6060,0,3976,6647,7517
31150,31200,0,2862,5179,6049,0,3968,6637,7507
31200,31250,0,2854,5169,6039,0,3960,6626,7496
31250,31300,0,2846,5158,6028,0,3952,6616,7486
31300,31350,0,2838,5148,6018,0,3944,6605,7475
31350,31400,0,2830,5137,6007,0,3936,6595,7465
31400,31450,0,2822,5127,5997,0,3928,6584,7454
31450,31500,0,2814,5116,5986,0,3920,6574,7444
31500,31550,0,2806,5106,5976,0,3912,6563,7433
31550,31600,0,2798,5095,5965,0,3904,6552,7422
31600,31650,0,2790,5085,5955,0,3896,6542,7412
31650,31700,0,2782,5074,5944,0,3888,6531,7401
31700,31750,0,2774,5064,5934,0,3880,6521,7391
31750,31800,0,2766,5053,5923,0,3872,6510,7380
31800,31850,0,2758,5042,5912,0,3864,6500,7370
31850,31900,0,2750,5032,5902,0,3856,6489,7359
31900,31950,0,2742,5021,5891,0,3848,6479,7349
31950,32000,0,2734,5011,5881,0,3840,6468,7338
32000,32050,0,2726,5000,5870,0,3832,6458,7328
32050,32100,0,2718,4990,5860,0,3824,6447,7317
32100,32150,0,2710,4979,5849,0,3816,6437,7307
32150,32200,0,2702,4969,5839,0,3808,6426,7296
32200,32250,0,2694,4958,5828,0,3800,6416,7286
32250,32300,0,2686,4948,5818,0,3792,6405,7275
32300,32350,0,2678,4937,5807,0,3784,6395,7265
32350,32400,0,2670,4927,5797,0,3776,6384,7254
32400,32450,0,2662,4916,5786,0,3768,6373,7243
32450,32500,0,2654,4906,5776,0,3760,6363,7233
32500,32550,0,2646,4895,5765,0,3752,6352,7222
32550,32600,0,2638,4885,5755,0,3744,6342,7212
32600,32650,0,2630,4874,5744,0,3736,6331,7201
32650,32700,0,2622,4863,5733,0,3728,6321,7191
32700,32750,0,2614,4853,5723,0,3720,6310,7180
32750,32800,0,2606,4842,5712,0,3712,6300,7170
32800,32850,0,2598,4832,5702,0,3704,6289,7159
32850,32900,0,2590,4821,5691,0,3696,6279,7149
32900,32950,0,2582,4811,5681,0,3688,6268,7138
32950,33000,0,2574,4800,5670,0,3680,6258,7128
33000,33050,0,2566,4790,5660,0,3672,6247,7117
33050,33100,0,2558,4779,5649,0,3664,6237,7107
33100,33150,0,2550,4769,5639,0,3656,6226,7096
33150,33200,0,2542,4758,5628,0,3648,6216,7086
33200,33250,0,2534,4748,5618,0,3640,6205,7075
33250,33300,0,2526,4737,5607,0,3632,6194,7064
33300,33350,0,2518,4727,5597,0,3624,6184,7054
33350,33400,0,2510,4716,5586,0,3616,6173,7043
33400,33450,0,2502,4706,5576,0,3608,6163,7033
33450,33500,0,2494,4695,5565,0,3600,6152,7022
33500,33550,0,2486,4684,5554,0,3592,6142,7012
33550,33600,0,2478,4674,5544,0,3584,6131,7001
33600,33650,0,2470,4663,5533,0,3576,6121,6991
33650,33700,0,2462,4653,5523,0,3568,6110,6980
33700,33750,0,2454,4642,5512,0,3560,6100,6970
33750,33800,0,2446,4632,5502,0,3552,6089,6959
33800,33850,0,2438,4621,5491,0,3544,6079,6949
33850,33900,0,2430,4611,5481,0,3536,6068,6938
33900,33950,0,2422,4600,5470,0,3528,6058,6928
33950,34000,0,2414,4590,5460,0,3520,6047,6917
34000,34050,0,2406,4579,5449,0,3512,6037,6907
34050,34100,0,2398,4569,5439,0,3504,6026,6896
34100,34150,0,2390,4558,5428,0,3496,6015,6885
34150,34200,0,2382,4548,5418,0,3488,6005,6875
34200,34250,0,2375,4537,5407,0,3480,5994,6864
34250,34300,0,2367,4527,5397,0,3472,5984,6854
34300,34350,0,2359,4516,5386,0,3464,5973,6843
34350,34400,0,2351,4505,5375,0,3456,5963,6833
34400,34450,0,2343,4495,5365,0,3448,5952,6822
34450,34500,0,2335,4484,5354,0,3440,5942,6812
34500,34550,0,2327,4474,5344,0,3432,5931,6801
34550,34600,0,2319,4463,5333,0,3424,5921,6791
34600,34650,0,2311,4453,5323,0,3416,5910,6780
34650,34700,0,2303,4442,5312,0,3408,5900,6770
34700,34750,0,2295,4432,5302,0,3400,5889,6759
34750,34800,0,2287,4421,5291,0,3392,5879,6749
34800,34850,0,2279,4411,5281,0,3384,5868,6738
34850,34900,0,2271,4400,5270,0,3376,5858,6728
34900,34950,0,2263,4390,5260,0,3368,5847,6717
34950,35000,0,2255,4379,5249,0,3360,5836,6706
35000,35050,0,2247,4369,5239,0,3352,5826,6696
35050,35100,0,2239,4358,5228,0,3344,5815,6685
35100,35150,0,2231,4348,5218,0,3336,5805,6675
35150,35200,0,2223,4337,5207,0,3329,5794,6664
35200,35250,0,2215,4326,5196,0,3321,5784,6654
35250,35300,0,2207,4316,5186,0,3313,5773,6643
35300,35350,0,2199,4305,5175,0,3305,5763,6633
35350,35400,0,2191,4295,5165,0,3297,5752,6622
35400,35450,0,2183,4284,5154,0,3289,5742,6612
35450,35500,0,2175,4274,5144,0,3281,5731,6601
35500,35550,0,2167,4263,5133,0,3273,5721,6591
35550,35600,0,2159,4253,5123,0,3265,5710,6580
35600,35650,0,2151,4242,5112,0,3257,5700,6570
35650,35700,0,2143,4232,5102,0,3249,5689,6559
35700,35750,0,2135,4221,5091,0,3241,5678,6548
35750,35800,0,2127,4211,5081,0,3233,5668,6538
35800,35850,0,2119,4200,5070,0,3225,5657,6527
35850,35900,0,2111,4190,5060,0,3217,5647,6517
35900,35950,0,2103,4179,5049,0,3209,5636,6506
35950,36000,0,2095,4168,5038,0,3201,5626,6496
36000,36050,0,2087,4158,5028,0,3193,5615,6485
36050,36100,0,2079,4147,5017,0,3185,5605,6475
36100,36150,0,2071,4137,5007,0,3177,5594,6464
36150,36200,0,2063,4126,4996,0,3169,5584,6454
36200,36250,0,2055,4116,4986,0,3161,5573,6443
36250,36300,0,2047,4105,4975,0,3153,5563,6433
36300,36350,0,2039,4095,4965,0,3145,5552,6422
36350,36400,0,2031,4084,4954,0,3137,5542,6412
36400,36450,0,2023,4074,4944,0,3129,5531,6401
36450,36500,0,2015,4063,4933,0,3121,5521,6391
36500,36550,0,2007,4053,4923,0,3113,5510,6380
36550,36600,0,1999,4042,4912,0,3105,5499,6369
36600,36650,0,1991,4032,4902,0,3097,5489,6359
36650,36700,0,1983,4021,4891,0,3089,5478,6348
36700,36750,0,1975,4011,4881,0,3081,5468,6338
36750,36800,0,1967,4000,4870,0,3073,5457,6327
36800,36850,0,1959,3989,4859,0,3065,5447,6317
36850,36900,0,1951,3979,4849,0,3057,5436,6306
36900,36950,0,1943,3968,4838,0,3049,5426,6296
36950,37000,0,1935,3958,4828,0,3041,5415,6285
37000,37050,0,1927,3947,4817,0,3033,5405,6275
37050,37100,0,1919,3937,4807,0,3025,5394,6264
37100,37150,0,1911,3926,4796,0,3017,5384,6254
37150,37200,0,1903,3916,4786,0,3009,5373,6243
37200,37250,0,1895,3905,4775,0,3001,5363,6233
37250,37300,0,1887,3895,4765,0,2993,5352,6222
37300,37350,0,1879,3884,4754,0,2985,5342,6212
37350,37400,0,1871,3874,4744,0,2977,5331,6201
37400,37450,0,1863,3863,4733,0,2969,5320,6190
37450,37500,0,1855,3853,4723,0,2961,5310,6180
37500,37550,0,1847,3842,4712,0,2953,5299,6169
37550,37600,0,1839,3832,4702,0,2945,5289,6159
37600,37650,0,1831,3821,4691,0,2937,5278,6148
37650,37700,0,1823,3810,4680,0,2929,5268,6138
37700,37750,0,1815,3800,4670,0,2921,5257,6127
37750,37800,0,1807,3789,4659,0,2913,5247,6117
37800,37850,0,1799,3779,4649,0,2905,5236,6106
37850,37900,0,1791,3768,4638,0,2897,5226,6096
37900,37950,0,1783,3758,4628,0,2889,5215,6085
37950,38000,0,1775,3747,4617,0,2881,5205,6075
38000,38050,0,1767,3737,4607,0,2873,5194,6064
38050,38100,0,1759,3726,4596,0,2865,5184,6054
38100,38150,0,1751,3716,4586,0,2857,5173,6043
38150,38200,0,1743,3705,4575,0,2849,5163,6033
38200,38250,0,1735,3695,4565,0,2841,5152,6022
38250,38300,0,1727,3684,4554,0,2833,5141,6011
38300,38350,0,1719,3674,4544,0,2825,5131,6001
38350,38400,0,1711,3663,4533,0,2817,5120,5990
38400,38450,0,1703,3653,4523,0,2809,5110,5980
38450,38500,0,1695,3642,4512,0,2801,5099,5969
38500,38550,0,1687,3631,4501,0,2793,5089,5959
38550,38600,0,1679,3621,4491,0,2785,5078,5948
38600,38650,0,1671,3610,4480,0,2777,5068,5938
38650,38700,0,1663,3600,4470,0,2769,5057,5927
38700,38750,0,1655,3589,4459,0,2761,5047,5917
38750,38800,0,1647,3579,4449,0,2753,5036,5906
38800,38850,0,1639,3568,4438,0,2745,5026,5896
38850,38900,0,1631,3558,4428,0,2737,5015,5885
38900,38950,0,1623,3547,4417,0,2729,5005,5875
38950,39000,0,1615,3537,4407,0,2721,4994,5864
39000,39050,0,1607,3526,4396,0,2713,4984,5854
39050,39100,0,1599,3516,4386,0,2705,4973,5843
39100,39150,0,1591,3505,4375,0,2697,4962,5832
39150,39200,0,1583,3495,4365,0,2689,4952,5822
39200,39250,0,1576,3484,4354,0,2681,4941,5811
39250,39300,0,1568,3474,4344,0,2673,4931,5801
39300,39350,0,1560,3463,4333,0,2665,4920,5790
39350,39400,0,1552,3452,4322,0,2657,4910,5780
39400,39450,0,1544,3442,4312,0,2649,4899,5769
39450,39500,0,1536,3431,4301,0,2641,4889,5759
39500,39550,0,1528,3421,4291,0,2633,4878,5748
39550,39600,0,1520,3410,4280,0,2625,4868,5738
39600,39650,0,1512,3400,4270,0,2617,4857,5727
39650,39700,0,1504,3389,4259,0,2609,4847,5717
39700,39750,0,1496,3379,4249,0,2601,4836,5706
39750,39800,0,1488,3368,4238,0,2593,4826,5696
39800,39850,0,1480,3358,4228,0,2585,4815,5685
39850,39900,0,1472,3347,4217,0,2577,4805,5675
39900,39950,0,1464,3337,4207,0,2569,4794,5664
39950,40000,0,1456,3326,4196,0,2561,4783,5653
40000,40050,0,1448,3316,4186,0,2553,4773,5643
40050,40100,0,1440,3305,4175,0,2545,4762,5632
40100,40150,0,1432,3295,4165,0,2537,4752,5622
40150,40200,0,1424,3284,4154,0,2530,4741,5611
40200,40250,0,1416,3273,4143,0,2522,4731,5601
40250,40300,0,1408,3263,4133,0,2514,4720,5590
40300,40350,0,1400,3252,4122,0,2506,4710,5580
40350,40400,0,1392,3242,4112,0,2498,4699,5569
40400,40450,0,1384,3231,4101,0,2490,4689,5559
40450,40500,0,1376,3221,4091,0,2482,4678,5548
40500,40550,0,1368,3210,4080,0,2474,4668,5538
40550,40600,0,1360,3200,4070,0,2466,4657,5527
40600,40650,0,1352,3189,4059,0,2458,4647,5517
40650,40700,0,1344,3179,4049,0,2450,4636,5506
40700,40750,0,1336,3168,4038,0,2442,4625,5495
40750,40800,0,1328,3158,4028,0,2434,4615,5485
40800,40850,0,1320,3147,4017,0,2426,4604,5474
40850,40900,0,1312,3137,4007,0,2418,4594,5464
40900,40950,0,1304,3126,3996,0,2410,4583,5453
40950,41000,0,1296,3115,3985,0,2402,4573,5443
41000,41050,0,1288,3105,3975,0,2394,4562,5432
41050,41100,0,1280,3094,3964,0,2386,4552,5422
41100,41150,0,1272,3084,3954,0,2378,4541,5411
41150,41200,0,1264,3073,3943,0,2370,4531,5401
41200,41250,0,1256,3063,3933,0,2362,4520,5390
41250,41300,0,1248,3052,3922,0,2354,4510,5380
41300,41350,0,1240,3042,3912,0,2346,4499,5369
41350,41400,0,1232,3031,3901,0,2338,4489,5359
41400,41450,0,1224,3021,3891,0,2330,4478,5348
41450,41500,0,1216,3010,3880,0,2322,4468,5338
41500,41550,0,1208,3000,3870,0,2314,4457,5327
41550,41600,0,1200,2989,3859,0,2306,4446,5316
41600,41650,0,1192,2979,3849,0,2298,4436,5306
41650,41700,0,1184,2968,3838,0,2290,4425,5295
41700,41750,0,1176,2958,3828,0,2282,4415,5285
41750,41800,0,1168,2947,3817,0,2274,4404,5274
41800,41850,0,1160,2936,3806,0,2266,4394,5264
41850,41900,0,1152,2926,3796,0,2258,4383,5253
41900,41950,0,1144,2915,3785,0,2250,4373,5243
41950,42000,0,1136,2905,3775,0,2242,4362,5232
42000,42050,0,1128,2894,3764,0,2234,4352,5222
42050,42100,0,1120,2884,3754,0,2226,4341,5211
42100,42150,0,1112,2873,3743,0,2218,4331,5201
42150,42200,0,1104,2863,3733,0,2210,4320,5190
42200,42250,0,1096,2852,3722,0,2202,4310,5180
42250,42300,0,1088,2842,3712,0,2194,4299,5169
42300,42350,0,1080,2831,3701,0,2186,4289,5159
42350,42400,0,1072,2821,3691,0,2178,4278,5148
42400,42450,0,1064,2810,3680,0,2170,4267,5137
42450,42500,0,1056,2800,3670,0,2162,4257,5127
42500,42550,0,1048,2789,3659,0,2154,4246,5116
42550,42600,0,1040,2779,3649,0,2146,4236,5106
42600,42650,0,1032,2768,3638,0,2138,4225,5095
42650,42700,0,1024,2757,3627,0,2130,4215,5085
42700,42750,0,1016,2747,3617,0,2122,4204,5074
42750,42800,0,1008,2736,3606,0,2114,4194,5064
42800,42850,0,1000,2726,3596,0,2106,4183,5053
42850,42900,0,992,2715,3585,0,2098,4173,5043
42900,42950,0,984,2705,3575,0,2090,4162,5032
42950,43000,0,976,2694,3564,0,2082,4152,5022
43000,43050,0,968,2684,3554,0,2074,4141,5011
43050,43100,0,960,2673,3543,0,2066,4131,5001
43100,43150,0,952,2663,3533,0,2058,4120,4990
43150,43200,0,944,2652,3522,0,2050,4110,4980
43200,43250,0,936,2642,3512,0,2042,4099,4969
43250,43300,0,928,2631,3501,0,2034,4088,4958
43300,43350,0,920,2621,3491,0,2026,4078,4948
43350,43400,0,912,2610,3480,0,2018,4067,4937
43400,43450,0,904,2600,3470,0,2010,4057,4927
43450,43500,0,896,2589,3459,0,2002,4046,4916
43500,43550,0,888,2578,3448,0,1994,4036,4906
43550,43600,0,880,2568,3438,0,1986,4025,4895
43600,43650,0,872,2557,3427,0,1978,4015,4885
43650,43700,0,864,2547,3417,0,1970,4004,4874
43700,43750,0,856,2536,3406,0,1962,3994,4864
43750,43800,0,848,2526,3396,0,1954,3983,4853
43800,43850,0,840,2515,3385,0,1946,3973,4843
43850,43900,0,832,2505,3375,0,1938,3962,4832
43900,43950,0,824,2494,3364,0,1930,3952,4822
43950,44000,0,816,2484,3354,0,1922,3941,4811
44000,44050,0,808,2473,3343,0,1914,3931,4801
44050,44100,0,800,2463,3333,0,1906,3920,4790
44100,44150,0,792,2452,3322,0,1898,3909,4779
44150,44200,0,784,2442,3312,0,1890,3899,4769
44200,44250,0,777,2431,3301,0,1882,3888,4758
44250,44300,0,769,2421,3291,0,1874,3878,4748
44300,44350,0,761,2410,3280,0,1866,3867,4737
44350,44400,0,753,2399,3269,0,1858,3857,4727
44400,44450,0,745,2389,3259,0,1850,3846,4716
44450,44500,0,737,2378,3248,0,1842,3836,4706
44500,44550,0,729,2368,3238,0,1834,3825,4695
44550,44600,0,721,2357,3227,0,1826,3815,4685
44600,44650,0,713,2347,3217,0,1818,3804,4674
44650,44700,0,705,2336,3206,0,1810,3794,4664
44700,44750,0,697,2326,3196,0,1802,3783,4653
44750,44800,0,689,2315,3185,0,1794,3773,4643
44800,44850,0,681,2305,3175,0,1786,3762,4632
44850,44900,0,673,2294,3164,0,1778,3752,4622
44900,44950,0,665,2284,3154,0,1770,3741,4611
44950,45000,0,657,2273,3143,0,1762,3730,4600
45000,45050,0,649,2263,3133,0,1754,3720,4590
45050,45100,0,641,2252,3122,0,1746,3709,4579
45100,45150,0,633,2242,3112,0,1738,3699,4569
45150,45200,0,625,2231,3101,0,1731,3688,4558
45200,45250,0,617,2220,3090,0,1723,3678,4548
45250,45300,0,609,2210,3080,0,1715,3667,4537
45300,45350,0,601,2199,3069,0,1707,3657,4527
45350,45400,0,593,2189,3059,0,1699,3646,4516
45400,45450,0,585,2178,3048,0,1691,3636,4506
45450,45500,0,577,2168,3038,0,1683,3625,4495
45500,45550,0,569,2157,3027,0,1675,3615,4485
45550,45600,0,561,2147,3017,0,1667,3604,4474
45600,45650,0,553,2136,3006,0,1659,3594,4464
45650,45700,0,545,2126,2996,0,1651,3583,4453
45700,45750,0,537,2115,2985,0,1643,3572,4442
45750,45800,0,529,2105,2975,0,1635,3562,4432
45800,45850,0,521,2094,2964,0,1627,3551,4421
45850,45900,0,513,2084,2954,0,1619,3541,4411
45900,45950,0,505,2073,2943,0,1611,3530,4400
45950,46000,0,497,2062,2932,0,1603,3520,4390
46000,46050,0,489,2052,2922,0,1595,3509,4379
46050,46100,0,481,2041,2911,0,1587,3499,4369
46100,46150,0,473,2031,2901,0,1579,3488,4358
46150,46200,0,465,2020,2890,0,1571,3478,4348
46200,46250,0,457,2010,2880,0,1563,3467,4337
46250,46300,0,449,1999,2869,0,1555,3457,4327
46300,46350,0,441,1989,2859,0,1547,3446,4316
46350,46400,0,433,1978,2848,0,1539,3436,4306
46400,46450,0,425,1968,2838,0,1531,3425,4295
46450,46500,0,417,1957,2827,0,1523,3415,4285
46500,46550,0,409,1947,2817,0,1515,3404,4274
46550,46600,0,401,1936,2806,0,1507,3393,4263
46600,46650,0,393,1926,2796,0,1499,3383,4253
46650,46700,0,385,1915,2785,0,1491,3372,4242
46700,46750,0,377,1905,2775,0,1483,3362,4232
46750,46800,0,369,1894,2764,0,1475,3351,4221
46800,46850,0,361,1883,2753,0,1467,3341,4211
46850,46900,0,353,1873,2743,0,1459,3330,4200
46900,46950,0,345,1862,2732,0,1451,3320,4190
46950,47000,0,337,1852,2722,0,1443,3309,4179
47000,47050,0,329,1841,2711,0,1435,3299,4169
47050,47100,0,321,1831,2701,0,1427,3288,4158
47100,47150,0,313,1820,2690,0,1419,3278,4148
47150,47200,0,305,1810,2680,0,1411,3267,4137
47200,47250,0,297,1799,2669,0,1403,3257,4127
47250,47300,0,289,1789,2659,0,1395,3246,4116
47300,47350,0,281,1778,2648,0,1387,3236,4106
47350,47400,0,273,1768,2638,0,1379,3225,4095
47400,47450,0,265,1757,2627,0,1371,3214,4084
47450,47500,0,257,1747,2617,0,1363,3204,4074
47500,47550,0,249,1736,2606,0,1355,3193,4063
47550,47600,0,241,1726,2596,0,1347,3183,4053
47600,47650,0,233,1715,2585,0,1339,3172,4042
47650,47700,0,225,1704,2574,0,1331,3162,4032
47700,47750,0,217,1694,2564,0,1323,3151,4021
47750,47800,0,209,1683,2553,0,1315,3141,4011
47800,47850,0,201,1673,2543,0,1307,3130,4000
47850,47900,0,193,1662,2532,0,1299,3120,3990
47900,47950,0,185,1652,2522,0,1291,3109,3979
47950,48000,0,177,1641,2511,0,1283,3099,3969
48000,48050,0,169,1631,2501,0,1275,3088,3958
48050,48100,0,161,1620,2490,0,1267,3078,3948
48100,48150,0,153,1610,2480,0,1259,3067,3937
48150,48200,0,145,1599,2469,0,1251,3057,3927
48200,48250,0,137,1589,2459,0,1243,3046,3916
48250,48300,0,129,1578,2448,0,1235,3035,3905
48300,48350,0,121,1568,2438,0,1227,3025,3895
48350,48400,0,113,1557,2427,0,1219,3014,3884
48400,48450,0,105,1547,2417,0,1211,3004,3874
48450,48500,0,97,1536,2406,0,1203,2993,3863
48500,48550,0,89,1525,2395,0,1195,2983,3853
48550,48600,0,81,1515,2385,0,1187,2972,3842
48600,48650,0,73,1504,2374,0,1179,2962,3832
48650,48700,0,65,1494,2364,0,1171,2951,3821
48700,48750,0,57,1483,2353,0,1163,2941,3811
48750,48800,0,49,1473,2343,0,1155,2930,3800
48800,48850,0,41,1462,2332,0,1147,2920,3790
48850,48900,0,33,1452,2322,0,1139,2909,3779
48900,48950,0,25,1441,2311,0,1131,2899,3769
48950,49000,0,17,1431,2301,0,1123,2888,3758
49000,49050,0,9,1420,2290,0,1115,2878,3748
49050,49100,0,3,1410,2280,0,1107,2867,3737
49100,49150,0,0,1399,2269,0,1099,2856,3726
49150,49200,0,0,1389,2259,0,1091,2846,3716
49200,49250,0,0,1378,2248,0,1083,2835,3705
49250,49300,0,0,1368,2238,0,1075,2825,3695
49300,49350,0,0,1357,2227,0,1067,2814,3684
49350,49400,0,0,1346,2216,0,1059,2804,3674
49400,49450,0,0,1336,2206,0,1051,2793,3663
49450,49500,0,0,1325,2195,0,1043,2783,3653
49500,49550,0,0,1315,2185,0,1035,2772,3642
49550,49600,0,0,1304,2174,0,1027,2762,3632
49600,49650,0,0,1294,2164,0,1019,2751,3621
49650,49700,0,0,1283,2153,0,1011,2741,3611
49700,49750,0,0,1273,2143,0,1003,2730,3600
49750,49800,0,0,1262,2132,0,995,2720,3590
49800,49850,0,0,1252,2122,0,987,2709,3579
49850,49900,0,0,1241,2111,0,979,2699,3569
49900,49950,0,0,1231,2101,0,971,2688,3558
49950,50000,0,0,1220,2090,0,963,2677,3547
50000,50050,0,0,1210,2080,0,955,2667,3537
50050,50100,0,0,1199,2069,0,947,2656,3526
50100,50150,0,0,1189,2059,0,939,2646,3516
50150,50200,0,0,1178,2048,0,932,2635,3505
50200,50250,0,0,1167,2037,0,924,2625,3495
50250,50300,0,0,1157,2027,0,916,2614,3484
50300,50350,0,0,1146,2016,0,908,2604,3474
50350,50400,0,0,1136,2006,0,900,2593,3463
50400,50450,0,0,1125,1995,0,892,2583,3453
50450,50500,0,0,1115,1985,0,884,2572,3442
50500,50550,0,0,1104,1974,0,876,2562,3432
50550,50600,0,0,1094,1964,0,868,2551,3421
50600,50650,0,0,1083,1953,0,860,2541,3411
50650,50700,0,0,1073,1943,0,852,2530,3400
50700,50750,0,0,1062,1932,0,844,2519,3389
50750,50800,0,0,1052,1922,0,836,2509,3379
50800,50850,0,0,1041,1911,0,828,2498,3368
50850,50900,0,0,1031,1901,0,820,2488,3358
50900,50950,0,0,1020,1890,0,812,2477,3347
50950,51000,0,0,1009,1879,0,804,2467,3337
51000,51050,0,0,999,1869,0,796,2456,3326
51050,51100,0,0,988,1858,0,788,2446,3316
51100,51150,0,0,978,1848,0,780,2435,3305
51150,51200,0,0,967,1837,0,772,2425,3295
51200,51250,0,0,957,1827,0,764,2414,3284
51250,51300,0,0,946,1816,0,756,2404,3274
51300,51350,0,0,936,1806,0,748,2393,3263
51350,51400,0,0,925,1795,0,740,2383,3253
51400,51450,0,0,915,1785,0,732,2372,3242
51450,51500,0,0,904,1774,0,724,2362,3232
51500,51550,0,0,894,1764,0,716,2351,3221
51550,51600,0,0,883,1753,0,708,2340,3210
51600,51650,0,0,873,1743,0,700,2330,3200
51650,51700,0,0,862,1732,0,692,2319,3189
51700,51750,0,0,852,1722,0,684,2309,3179
51750,51800,0,0,841,1711,0,676,2298,3168
51800,51850,0,0,830,1700,0,668,2288,3158
51850,51900,0,0,820,1690,0,660,2277,3147
51900,51950,0,0,809,1679,0,652,2267,3137
51950,52000,0,0,799,1669,0,644,2256,3126
52000,52050,0,0,788,1658,0,636,2246,3116
52050,52100,0,0,778,1648,0,628,2235,3105
52100,52150,0,0,767,1637,0,620,2225,3095
52150,52200,0,0,757,1627,0,612,2214,3084
52200,52250,0,0,746,1616,0,604,2204,3074
52250,52300,0,0,736,1606,0,596,2193,3063
52300,52350,0,0,725,1595,0,588,2183,3053
52350,52400,0,0,715,1585,0,580,2172,3042
52400,52450,0,0,704,1574,0,572,2161,3031
52450,52500,0,0,694,1564,0,564,2151,3021
52500,52550,0,0,683,1553,0,556,2140,3010
52550,52600,0,0,673,1543,0,548,2130,3000
52600,52650,0,0,662,1532,0,540,2119,2989
52650,52700,0,0,651,1521,0,532,2109,2979
52700,52750,0,0,641,1511,0,524,2098,2968
52750,52800,0,0,630,1500,0,516,2088,2958
52800,52850,0,0,620,1490,0,508,2077,2947
52850,52900,0,0,609,1479,0,500,2067,2937
52900,52950,0,0,599,1469,0,492,2056,2926
52950,53000,0,0,588,1458,0,484,2046,2916
53000,53050,0,0,578,1448,0,476,2035,2905
53050,53100,0,0,567,1437,0,468,2025,2895
53100,53150,0,0,557,1427,0,460,2014,2884
53150,53200,0,0,546,1416,0,452,2004,2874
53200,53250,0,0,536,1406,0,444,1993,2863
53250,53300,0,0,525,1395,0,436,1982,2852
53300,53350,0,0,515,1385,0,428,1972,2842
53350,53400,0,0,504,1374,0,420,1961,2831
53400,53450,0,0,494,1364,0,412,1951,2821
53450,53500,0,0,483,1353,0,404,1940,2810
53500,53550,0,0,472,1342,0,396,1930,2800
53550,53600,0,0,462,1332,0,388,1919,2789
53600,53650,0,0,451,1321,0,380,1909,2779
53650,53700,0,0,441,1311,0,372,1898,2768
53700,53750,0,0,430,1300,0,364,1888,2758
53750,53800,0,0,420,1290,0,356,1877,2747
53800,53850,0,0,409,1279,0,348,1867,2737
53850,53900,0,0,399,1269,0,340,1856,2726
53900,53950,0,0,388,1258,0,332,1846,2716
53950,54000,0,0,378,1248,0,324,1835,2705
54000,54050,0,0,367,1237,0,316,1825,2695
54050,54100,0,0,357,1227,0,308,1814,2684
54100,54150,0,0,346,1216,0,300,1803,2673
54150,54200,0,0,336,1206,0,292,1793,2663
54200,54250,0,0,325,1195,0,284,1782,2652
54250,54300,0,0,315,1185,0,276,1772,2642
54300,54350,0,0,304,1174,0,268,1761,2631
54350,54400,0,0,293,1163,0,260,1751,2621
54400,54450,0,0,283,1153,0,252,1740,2610
54450,54500,0,0,272,1142,0,244,1730,2600
54500,54550,0,0,262,1132,0,236,1719,2589
54550,54600,0,0,251,1121,0,228,1709,2579
54600,54650,0,0,241,1111,0,220,1698,2568
54650,54700,0,0,230,1100,0,212,1688,2558
54700,54750,0,0,220,1090,0,204,1677,2547
54750,54800,0,0,209,1079,0,196,1667,2537
54800,54850,0,0,199,1069,0,188,1656,2526
54850,54900,0,0,188,1058,0,180,1646,2516
54900,54950,0,0,178,1048,0,172,1635,2505
54950,55000,0,0,167,1037,0,164,1624,2494
55000,55050,0,0,157,1027,0,156,1614,2484
55050,55100,0,0,146,1016,0,148,1603,2473
55100,55150,0,0,136,1006,0,140,1593,2463
55150,55200,0,0,125,995,0,133,1582,2452
55200,55250,0,0,114,984,0,125,1572,2442
55250,55300,0,0,104,974,0,117,1561,2431
55300,55350,0,0,93,963,0,109,1551,2421
55350,55400,0,0,83,953,0,101,1540,2410
55400,55450,0,0,72,942,0,93,1530,2400
55450,55500,0,0,62,932,0,85,1519,2389
55500,55550,0,0,51,921,0,77,1509,2379
55550,55600,0,0,41,911,0,69,1498,2368
55600,55650,0,0,30,900,0,61,1488,2358
55650,55700,0,0,20,890,0,53,1477,2347
55700,55750,0,0,9,879,0,45,1466,2336
55750,55800,0,0,2,869,0,37,1456,2326
55800,55850,0,0,0,858,0,29,1445,2315
55850,55900,0,0,0,848,0,21,1435,2305
55900,55950,0,0,0,837,0,13,1424,2294
55950,56000,0,0,0,826,0,5,1414,2284
56000,56050,0,0,0,816,0,0,1403,2273
56050,56100,0,0,0,805,0,0,1393,2263
56100,56150,0,0,0,795,0,0,1382,2252
56150,56200,0,0,0,784,0,0,1372,2242
56200,56250,0,0,0,774,0,0,1361,2231
56250,56300,0,0,0,763,0,0,1351,2221
56300,56350,0,0,0,753,0,0,1340,2210
56350,56400,0,0,0,742,0,0,1330,2200
56400,56450,0,0,0,732,0,0,1319,2189
56450,56500,0,0,0,721,0,0,1309,2179
56500,56550,0,0,0,711,0,0,1298,2168
56550,56600,0,0,0,700,0,0,1287,2157
56600,56650,0,0,0,690,0,0,1277,2147
56650,56700,0,0,0,679,0,0,1266,2136
56700,56750,0,0,0,669,0,0,1256,2126
56750,56800,0,0,0,658,0,0,1245,2115
56800,56850,0,0,0,647,0,0,1235,2105
56850,56900,0,0,0,637,0,0,1224,2094
56900,56950,0,0,0,626,0,0,1214,2084
56950,57000,0,0,0,616,0,0,1203,2073
57000,57050,0,0,0,605,0,0,1193,2063
57050,57100,0,0,0,595,0,0,1182,2052
57100,57150,0,0,0,584,0,0,1172,2042
57150,57200,0,0,0,574,0,0,1161,2031
57200,57250,0,0,0,563,0,0,1151,2021
57250,57300,0,0,0,553,0,0,1140,2010
57300,57350,0,0,0,542,0,0,1130,2000
57350,57400,0,0,0,532,0,0,1119,1989
57400,57450,0,0,0,521,0,0,1108,1978
57450,57500,0,0,0,511,0,0,1098,1968
57500,57550,0,0,0,500,0,0,1087,1957
57550,57600,0,0,0,490,0,0,1077,1947
57600,57650,0,0,0,479,0,0,1066,1936
57650,57700,0,0,0,468,0,0,1056,1926
57700,57750,0,0,0,458,0,0,1045,1915
57750,57800,0,0,0,447,0,0,1035,1905
57800,57850,0,0,0,437,0,0,1024,1894
57850,57900,0,0,0,426,0,0,1014,1884
57900,57950,0,0,0,416,0,0,1003,1873
57950,58000,0,0,0,405,0,0,993,1863
58000,58050,0,0,0,395,0,0,982,1852
58050,58100,0,0,0,384,0,0,972,1842
58100,58150,0,0,0,374,0,0,961,1831
58150,58200,0,0,0,363,0,0,951,1821
58200,58250,0,0,0,353,0,0,940,1810
58250,58300,0,0,0,342,0,0,929,1799
58300,58350,0,0,0,332,0,0,919,1789
58350,58400,0,0,0,321,0,0,908,1778
58400,58450,0,0,0,311,0,0,898,1768
58450,58500,0,0,0,300,0,0,887,1757
58500,58550,0,0,0,289,0,0,877,1747
58550,58600,0,0,0,279,0,0,866,1736
58600,58650,0,0,0,268,0,0,856,1726
58650,58700,0,0,0,258,0,0,845,1715
58700,58750,0,0,0,247,0,0,835,1705
58750,58800,0,0,0,237,0,0,824,1694
58800,58850,0,0,0,226,0,0,814,1684
58850,58900,0,0,0,216,0,0,803,1673
58900,58950,0,0,0,205,0,0,793,1663
58950,59000,0,0,0,195,0,0,782,1652
59000,59050,0,0,0,184,0,0,772,1642
59050,59100,0,0,0,174,0,0,761,1631
59100,59150,0,0,0,163,0,0,750,1620
59150,59200,0,0,0,153,0,0,740,1610
59200,59250,0,0,0,142,0,0,729,1599
59250,59300,0,0,0,132,0,0,719,1589
59300,59350,0,0,0,121,0,0,708,1578
59350,59400,0,0,0,110,0,0,698,1568
59400,59450,0,0,0,100,0,0,687,1557
59450,59500,0,0,0,89,0,0,677,1547
59500,59550,0,0,0,79,0,0,666,1536
59550,59600,0,0,0,68,0,0,656,1526
59600,59650,0,0,0,58,0,0,645,1515
59650,59700,0,0,0,47,0,0,635,1505
59700,59750,0,0,0,37,0,0,624,1494
59750,59800,0,0,0,26,0,0,614,1484
59800,59850,0,0,0,16,0,0,603,1473
59850,59900,0,0,0,5,0,0,593,1463
59900,59950,0,0,0,0,0,0,582,1452
59950,60000,0,0,0,0,0,0,571,1441
60000,60050,0,0,0,0,0,0,561,1431
60050,60100,0,0,0,0,0,0,550,1420
60100,60150,0,0,0,0,0,0,540,1410
60150,60200,0,0,0,0,0,0,529,1399
60200,60250,0,0,0,0,0,0,519,1389
60250,60300,0,0,0,0,0,0,508,1378
60300,60350,0,0,0,0,0,0,498,1368
60350,60400,0,0,0,0,0,0,487,1357
60400,60450,0,0,0,0,0,0,477,1347
60450,60500,0,0,0,0,0,0,466,1336
60500,60550,0,0,0,0,0,0,456,1326
60550,60600,0,0,0,0,0,0,445,1315
60600,60650,0,0,0,0,0,0,435,1305
60650,60700,0,0,0,0,0,0,424,1294
60700,60750,0,0,0,0,0,0,413,1283
60750,60800,0,0,0,0,0,0,403,1273
60800,60850,0,0,0,0,0,0,392,1262
60850,60900,0,0,0,0,0,0,382,1252
60900,60950,0,0,0,0,0,0,371,1241
60950,61000,0,0,0,0,0,0,361,1231
61000,61050,0,0,0,0,0,0,350,1220
61050,61100,0,0,0,0,0,0,340,1210
61100,61150,0,0,0,0,0,0,329,1199
61150,61200,0,0,0,0,0,0,319,1189
61200,61250,0,0,0,0,0,0,308,1178
61250,61300,0,0,0,0,0,0,298,1168
61300,61350,0,0,0,0,0,0,287,1157
61350,61400,0,0,0,0,0,0,277,1147
61400,61450,0,0,0,0,0,0,266,1136
61450,61500,0,0,0,0,0,0,256,1126
61500,61550,0,0,0,0,0,0,245,1115
61550,61600,0,0,0,0,0,0,234,1104
61600,61650,0,0,0,0,0,0,224,1094
61650,61700,0,0,0,0,0,0,213,1083
61700,61750,0,0,0,0,0,0,203,1073
61750,61800,0,0,0,0,0,0,192,1062
61800,61850,0,0,0,0,0,0,182,1052
61850,61900,0,0,0,0,0,0,171,1041
61900,61950,0,0,0,0,0,0,161,1031
61950,62000,0,0,0,0,0,0,150,1020
62000,62050,0,0,0,0,0,0,140,1010
62050,62100,0,0,0,0,0,0,129,999
62100,62150,0,0,0,0,0,0,119,989
62150,62200,0,0,0,0,0,0,108,978
62200,62250,0,0,0,0,0,0,98,968
62250,62300,0,0,0,0,0,0,87,957
62300,62350,0,0,0,0,0,0,77,947
62350,62400,0,0,0,0,0,0,66,936
62400,62450,0,0,0,0,0,0,55,925
62450,62500,0,0,0,0,0,0,45,915
62500,62550,0,0,0,0,0,0,34,904
62550,62600,0,0,0,0,0,0,24,894
62600,62650,0,0,0,0,0,0,13,883
62650,62700,0,0,0,0,0,0,4,873
62700,62750,0,0,0,0,0,0,0,862
62750,62800,0,0,0,0,0,0,0,852
62800,62850,0,0,0,0,0,0,0,841
62850,62900,0,0,0,0,0,0,0,831
62900,62950,0,0,0,0,0,0,0,820
62950,63000,0,0,0,0,0,0,0,810
63000,63050,0,0,0,0,0,0,0,799
63050,63100,0,0,0,0,0,0,0,789
63100,63150,0,0,0,0,0,0,0,778
63150,63200,0,0,0,0,0,0,0,768
63200,63250,0,0,0,0,0,0,0,757
63250,63300,0,0,0,0,0,0,0,746
63300,63350,0,0,0,0,0,0,0,736
63350,63400,0,0,0,0,0,0,0,725
63400,63450,0,0,0,0,0,0,0,715
63450,63500,0,0,0,0,0,0,0,704
63500,63550,0,0,0,0,0,0,0,694
63550,63600,0,0,0,0,0,0,0,683
63600,63650,0,0,0,0,0,0,0,673
63650,63700,0,0,0,0,0,0,0,662
63700,63750,0,0,0,0,0,0,0,652
63750,63800,0,0,0,0,0,0,0,641
63800,63850,0,0,0,0,0,0,0,631
63850,63900,0,0,0,0,0,0,0,620
63900,63950,0,0,0,0,0,0,0,610
63950,64000,0,0,0,0,0,0,0,599
64000,64050,0,0,0,0,0,0,0,589
64050,64100,0,0,0,0,0,0,0,578
64100,64150,0,0,0,0,0,0,0,567
64150,64200,0,0,0,0,0,0,0,557
64200,64250,0,0,0,0,0,0,0,546
64250,64300,0,0,0,0,0,0,0,536
64300,64350,0,0,0,0,0,0,0,525
64350,64400,0,0,0,0,0,0,0,515
64400,64450,0,0,0,0,0,0,0,504
64450,64500,0,0,0,0,0,0,0,494
64500,64550,0,0,0,0,0,0,0,483
64550,64600,0,0,0,0,0,0,0,473
64600,64650,0,0,0,0,0,0,0,462
64650,64700,0,0,0,0,0,0,0,452
64700,64750,0,0,0,0,0,0,0,441
64750,64800,0,0,0,0,0,0,0,431
64800,64850,0,0,0,0,0,0,0,420
64850,64900,0,0,0,0,0,0,0,410
64900,64950,0,0,0,0,0,0,0,399
64950,65000,0,0,0,0,0,0,0,388
65000,65050,0,0,0,0,0,0,0,378
65050,65100,0,0,0,0,0,0,0,367
65100,65150,0,0,0,0,0,0,0,357
65150,65200,0,0,0,0,0,0,0,346
65200,65250,0,0,0,0,0,0,0,336
65250,65300,0,0,0,0,0,0,0,325
65300,65350,0,0,0,0,0,0,0,315
65350,65400,0,0,0,0,0,0,0,304
65400,65450,0,0,0,0,0,0,0,294
65450,65500,0,0,0,0,0,0,0,283
65500,65550,0,0,0,0,0,0,0,273
65550,65600,0,0,0,0,0,0,0,262
65600,65650,0,0,0,0,0,0,0,252
65650,65700,0,0,0,0,0,0,0,241
65700,65750,0,0,0,0,0,0,0,230
65750,65800,0,0,0,0,0,0,0,220
65800,65850,0,0,0,0,0,0,0,209
65850,65900,0,0,0,0,0,0,0,199
65900,65950,0,0,0,0,0,0,0,188
65950,66000,0,0,0,0,0,0,0,178
66000,66050,0,0,0,0,0,0,0,167
66050,66100,0,0,0,0,0,0,0,157
66100,66150,0,0,0,0,0,0,0,146
66150,66200,0,0,0,0,0,0,0,136
66200,66250,0,0,0,0,0,0,0,125
66250,66300,0,0,0,0,0,0,0,115
66300,66350,0,0,0,0,0,0,0,104
66350,66400,0,0,0,0,0,0,0,94
66400,66450,0,0,0,0,0,0,0,83
66450,66500,0,0,0,0,0,0,0,73
66500,66550,0,0,0,0,0,0,0,62
66550,66600,0,0,0,0,0,0,0,51
66600,66650,0,0,0,0,0,0,0,41
66650,66700,0,0,0,0,0,0,0,30
66700,66750,0,0,0,0,0,0,0,20
66750,66800,0,0,0,0,0,0,0,9
66800,66850,0,0,0,0,0,0,0,2